#############################################################################
# File name: model_hourly.R
# Author: Rama Thelagathoti
# Description: model building with hourly features
############################################################################

rownames <-  c("p1", "p2", "p3", "p4", "p5", "p6", "p7" , "p8" , "p9", "p10",
               "p11", "p12", "p13", "p14", "p15", "p16", "p17" , "p18" , "p19", "p20" ,
               "p21", "p22", "p23", "p24", "p25", "p26", "p27" , "p28" , "p29", "p30" ,
               "p31", "p32", "p33", "p34", "p35", "p36", "p37" , "p38" , "p39", "p40" ,
               "p41", "p42", "p43", "p44", "p45", "p46", "p47" , "p48" , "p49", "p50" ,
               "p51", "p52", "p53", "p54", "p55")
colnames = rownames

rownames.77 <-  c("p1", "p2", "p3", "p4", "p5", "p6", "p7" , "p8" , "p9", "p10",
                  "p11", "p12", "p13", "p14", "p15", "p16", "p17" , "p18" , "p19", "p20" ,
                  "p21", "p22", "p23", "p24", "p25", "p26", "p27" , "p28" , "p29", "p30" ,
                  "p31", "p32", "p33", "p34", "p35", "p36", "p37" , "p38" , "p39", "p40" ,
                  "p41", "p42", "p43", "p44", "p45", "p46", "p47" , "p48" , "p49", "p50" ,
                  "p51", "p52", "p53", "p54", "p55", "p56", "p57",  "p58",  "p59" ,"p60",
                  "p61", "p62", "p63", "p64", "p65", "p66", "p67",  "p68",  "p69" ,"p70",
                  "p71", "p72", "p73", "p74", "p75", "p76", "p77"
)
colnames.77 = rownames.77

rownames.54 <-  c("p24", "p25", "p26", "p27" , "p28" , "p29", "p30" ,
                  "p31", "p32", "p33", "p34", "p35", "p36", "p37" , "p38" , "p39", "p40" ,
                  "p41", "p42", "p43", "p44", "p45", "p46", "p47" , "p48" , "p49", "p50" ,
                  "p51", "p52", "p53", "p54", "p55", "p56", "p57",  "p58",  "p59" ,"p60",
                  "p61", "p62", "p63", "p64", "p65", "p66", "p67",  "p68",  "p69" ,"p70",
                  "p71", "p72", "p73", "p74", "p75", "p76", "p77"
)
colnames.54 = rownames.54

rownames.45 <-  c("p1", "p2", "p3", "p4", "p5", "p6", "p7" , "p8" , "p9", "p10",
                  "p11", "p12", "p13", "p14", "p15", "p16", "p17" , "p18" , "p19", "p20" ,
                  "p21", "p22", "p23",
                  "p56", "p57",  "p58",  "p59" ,"p60",
                  "p61", "p62", "p63", "p64", "p65", "p66", "p67",  "p68",  "p69" ,"p70",
                  "p71", "p72", "p73", "p74", "p75", "p76", "p77"
)
colnames.45 = rownames.45

controls <- c("p24", "p25", "p26", "p27" , "p28" , "p29", "p30" ,
              "p31", "p32", "p33", "p34", "p35", "p36", "p37" , "p38" , "p39", "p40" ,
              "p41", "p42", "p43", "p44", "p45", "p46", "p47" , "p48" , "p49", "p50" ,
              "p51", "p52", "p53", "p54", "p55")
schzs <- c("p56", "p57",  "p58",  "p59" ,"p60",
           "p61", "p62", "p63", "p64", "p65", "p66", "p67",  "p68",  "p69" ,"p70",
           "p71", "p72", "p73", "p74", "p75", "p76", "p77")

############################################################################
# Function: Model_hourly_final
# Description: model building with only hourly mean and hourly sd
############################################################################
Model_deprs_schz_hourly <- function(schz.features, cont.features)
{
  
  features <- rbind(deprs.features, schz.features)
  
  preproc <- preProcess(deprs.features[,c(4:51)], method=c("range"))
  deprs.features.st <- predict(preproc, deprs.features[,c(4:51)])
  
  preproc <- preProcess(schz.features[,c(4:51)], method=c("range"))
  schz.features.st <- predict(preproc, schz.features[,c(4:51)])
  
  features.st <- rbind(deprs.features.st, schz.features.st )
  
  #outlier treatment
  boxplot(features.st)
  for (i in 1:48) {
    features.st[ , i] <- outlier_norm(features.st[ ,i])  
  }
  
  boxplot(features.st)
  
  
  # pearson correlation
  temp <- cbind(features[ ,1], features.st)
  features.matrix <- aggregate( temp, by = list(temp$`features[, 1]`), FUN = mean)
  features.matrix <- features.matrix [ , -c(1,2)]
  features.matrix <- as.data.frame(features.matrix)
  
  #write.csv(features.matrix, "features.matrix_m1.csv")
  
  features.matrix.matrix <- features.matrix[,1:24]
  colnames(features.matrix.matrix) <- c("m0", "m1","m2","m3","m4","m5","m6","m7","m8",
                                        "m9","m10","m11","m12","m13","m14",
                                        "m15","m16","m17","m18","m19","m20",
                                        "m21","m22","m23")
  rownames(features.matrix.matrix) <- rownames.45
  features.matrix.matrix <- as.matrix(features.matrix.matrix)
  library(RColorBrewer)
  coul <- colorRampPalette(brewer.pal(8, "Blues"))(25)
  heatmap(features.matrix.matrix, xlab="hour", ylab="id", main="Heatmap of hourly activity",
          Rowv=NA, Colv=NA, col = coul)
  
  cormat <- cor(t(features.matrix), method = "pearson")
  corrplot::corrplot(cormat[1:5, 1:5], main="Correlation Plot for Numerical Variables", method="number")
  hist(cormat)
  corrplot(cormat[1:5, 1:5], method = "number", type = "upper", number.cex = 2, tl.cex = 2,
           sig.level=0.05)
  
  cor_matrix <- matrix(0, nrow = length(rownames.45), ncol = length(colnames.45),